172
163
154
164
117
153
137
147
190
100
191
116
140
136
198
147
130
160
199
180
104
130
130
163
171
157
140
111
106
102
138
146
135
161
164
165
144
118
167
114
118
146
159
176
113
163
106
101
112
160
191
122
188
184
180
112
116
130
138
168
195
114
131
150
120
168
122
164
1000015
1000454
140
198
120
199
153
193
144
196
122
151
112
150
185
131
134
145
110
189
1000401
1000181
121
167
107
110
164
143
160
116
161
101
190
114
160
157
122
110
146
112
185
171
141
132
120
190
178
151
136
111
1000304
1000116
162
127
100
172
157
129
144
108
170
135
107
148
123
156
128
189
157
124
126
189
179
104
188
157
198
133
134
163
132
166
105
180
170
102
199
163
157
174
118
156
116
153
164
130
142
126
157
162
105
153
127
104
133
168
102
125
132
137
136
117
134
148
154
157
192
180
197
155
150
176
104
157
176
152
189
192
125
182
149
141
196
122
